atmos_pressure, temp_mean, rh_mean, vapor_pressure_mean, wspd_arith_mean
1.000000,-0.388676,0.223211,-0.281735,0.909380
-0.388676,1.000000,-0.805814,0.429554,-0.231427
0.223211,-0.805814,1.000000,0.182767,0.054127
-0.281735,0.429554,0.182767,1.000000,-0.284041
0.909380,-0.231427,0.054127,-0.284041,1.000000
